3300.000000
3300.000000
3300.000000
3300.000000
2152.000000
2152.000000
2152.000000
70.000000
70.000000
70.000000
73.000000
73.000000
73.000000
146.000000
146.000000
146.000000
2115.000000
2115.000000
2115.000000
3300.000000
3300.000000
3300.000000
3300.000000
3300.000000
3300.000000
2661.000000
2661.000000
2661.000000
830.000000
830.000000
830.000000
70.000000
70.000000
70.000000
71.000000
71.000000
71.000000
716.000000
716.000000
716.000000
2951.000000
2951.000000
2951.000000
3300.000000
3300.000000
3300.000000
3300.000000
3300.000000
3300.000000
2121.000000
2121.000000
2121.000000
87.000000
87.000000
87.000000
70.000000
70.000000
70.000000
268.000000
268.000000
268.000000
1872.000000
1872.000000
1872.000000
3300.000000
3300.000000
3300.000000
3300.000000
3300.000000
3300.000000
2895.000000
2895.000000
2895.000000
1353.000000
1353.000000
1353.000000
70.000000
70.000000
70.000000
70.000000
70.000000
70.000000
388.000000
388.000000
388.000000
1925.000000
1925.000000
1925.000000
3300.000000
3300.000000
3300.000000
3300.000000
3300.000000
3300.000000
2889.000000
2889.000000
2889.000000
1463.000000
1463.000000
1463.000000
73.000000
73.000000
73.000000
70.000000
70.000000
70.000000
398.000000
398.000000
398.000000
1735.000000
1735.000000
1735.000000
3296.000000
3296.000000
3296.000000
3300.000000
3300.000000
3300.000000
2840.000000
2840.000000
2840.000000
1656.000000
1656.000000
1656.000000
322.000000
322.000000
322.000000
70.000000
70.000000
70.000000
154.000000
154.000000
154.000000
1299.000000
1299.000000
1299.000000
2951.000000
2951.000000
2951.000000
3300.000000
3300.000000
3300.000000
3300.000000
3300.000000
3300.000000
2063.000000
2063.000000
2063.000000
809.000000
809.000000
809.000000
71.000000
71.000000
71.000000
70.000000
70.000000
70.000000
913.000000
913.000000
913.000000
2006.000000
2006.000000
2006.000000
3300.000000
3300.000000
3300.000000
3300.000000
3300.000000
3300.000000
2941.000000
2941.000000
2941.000000
1871.000000
1871.000000
1871.000000
484.000000
484.000000
484.000000
70.000000
70.000000
70.000000
74.000000
74.000000
74.000000
1141.000000
1141.000000
1141.000000
2480.000000
2480.000000
2480.000000
3300.000000
3300.000000
3300.000000
3300.000000
3300.000000
3300.000000
2116.000000
2116.000000
2116.000000
1027.000000
1027.000000
1027.000000
74.000000
74.000000
74.000000
77.000000
77.000000
77.000000
1059.000000
1059.000000
1059.000000
2150.000000
2150.000000
2150.000000
3300.000000
3300.000000
3300.000000
3300.000000
3300.000000
3300.000000
2147.000000
2147.000000
2147.000000
1165.000000
1165.000000
1165.000000
206.000000
206.000000
206.000000
79.000000
79.000000
79.000000
1153.000000
1153.000000
1153.000000
2237.000000
2237.000000
2237.000000
3209.000000
3209.000000
3209.000000
3279.000000
3279.000000
3279.000000
2012.000000
2012.000000
2012.000000
1088.000000
1088.000000
1088.000000
348.000000
348.000000
348.000000
183.000000
183.000000
183.000000
1380.000000
1380.000000
1380.000000
2349.000000
2349.000000
2349.000000
3245.000000
3245.000000
3245.000000
3054.000000
3054.000000
3054.000000
1771.000000
1771.000000
1771.000000
882.000000
882.000000
882.000000
107.000000
107.000000
107.000000
320.000000
320.000000
320.000000
1517.000000
1517.000000
1517.000000
2530.000000
2530.000000
2530.000000
3299.000000
3299.000000
3299.000000
3116.000000
3116.000000
3116.000000
1811.000000
1811.000000
1811.000000
1054.000000
1054.000000
1054.000000
352.000000
352.000000
352.000000
131.000000
131.000000
131.000000
1000.000000
1000.000000
1000.000000
1784.000000
1784.000000
1784.000000
2872.000000
2872.000000
2872.000000
3280.000000
3280.000000
