2273.000000
3015.000000
3015.000000
3015.000000
2989.000000
2989.000000
2989.000000
1831.000000
1831.000000
1831.000000
1199.000000
1199.000000
1199.000000
509.000000
509.000000
509.000000
290.000000
290.000000
290.000000
1389.000000
1389.000000
1389.000000
2129.000000
2129.000000
2129.000000
2923.000000
2923.000000
2923.000000
3078.000000
3078.000000
3078.000000
1998.000000
1998.000000
1998.000000
1232.000000
1232.000000
1232.000000
537.000000
537.000000
537.000000
317.000000
317.000000
317.000000
1272.000000
1272.000000
1272.000000
2126.000000
2126.000000
2126.000000
2883.000000
2883.000000
2883.000000
3031.000000
3031.000000
3031.000000
2178.000000
2178.000000
2178.000000
1485.000000
1485.000000
1485.000000
746.000000
746.000000
746.000000
381.000000
381.000000
381.000000
665.000000
665.000000
665.000000
1706.000000
1706.000000
1706.000000
2362.000000
2362.000000
2362.000000
2905.000000
2905.000000
2905.000000
2886.000000
2886.000000
2886.000000
1807.000000
1807.000000
1807.000000
1104.000000
1104.000000
1104.000000
526.000000
526.000000
526.000000
431.000000
431.000000
431.000000
1421.000000
1421.000000
1421.000000
2185.000000
2185.000000
2185.000000
2869.000000
2869.000000
2869.000000
2908.000000
2908.000000
2908.000000
1726.000000
1726.000000
1726.000000
1113.000000
1113.000000
1113.000000
570.000000
570.000000
570.000000
448.000000
448.000000
448.000000
1448.000000
1448.000000
1448.000000
2113.000000
2113.000000
2113.000000
2842.000000
2842.000000
2842.000000
3026.000000
3026.000000
3026.000000
2096.000000
2096.000000
2096.000000
1388.000000
1388.000000
1388.000000
643.000000
643.000000
643.000000
349.000000
349.000000
349.000000
1005.000000
1005.000000
1005.000000
1835.000000
1835.000000
1835.000000
2763.000000
2763.000000
2763.000000
3030.000000
3030.000000
3030.000000
2434.000000
2434.000000
2434.000000
1647.000000
1647.000000
1647.000000
908.000000
908.000000
908.000000
404.000000
404.000000
404.000000
626.000000
626.000000
626.000000
1578.000000
1578.000000
1578.000000
2231.000000
2231.000000
2231.000000
2861.000000
2861.000000
2861.000000
2893.000000
2893.000000
2893.000000
1773.000000
1773.000000
1773.000000
1149.000000
1149.000000
