2305.000000
2305.000000
2956.000000
2956.000000
2956.000000
2674.000000
2674.000000
2674.000000
1618.000000
1618.000000
1618.000000
823.000000
823.000000
823.000000
404.000000
404.000000
404.000000
953.000000
953.000000
953.000000
1846.000000
1846.000000
1846.000000
2783.000000
2783.000000
2783.000000
3012.000000
3012.000000
3012.000000
1905.000000
1905.000000
1905.000000
1224.000000
1224.000000
1224.000000
608.000000
608.000000
608.000000
502.000000
502.000000
502.000000
1576.000000
1576.000000
1576.000000
2327.000000
2327.000000
2327.000000
2922.000000
2922.000000
2922.000000
2377.000000
2377.000000
2377.000000
1382.000000
1382.000000
1382.000000
655.000000
655.000000
655.000000
600.000000
600.000000
600.000000
1733.000000
1733.000000
1733.000000
2424.000000
2424.000000
2424.000000
2874.000000
2874.000000
2874.000000
2111.000000
2111.000000
2111.000000
1228.000000
1228.000000
1228.000000
604.000000
604.000000
604.000000
706.000000
706.000000
706.000000
1850.000000
1850.000000
1850.000000
2714.000000
2714.000000
2714.000000
2913.000000
2913.000000
2913.000000
1681.000000
1681.000000
1681.000000
979.000000
979.000000
979.000000
435.000000
435.000000
435.000000
1117.000000
1117.000000
1117.000000
2192.000000
2192.000000
2192.000000
2903.000000
2903.000000
2903.000000
2511.000000
2511.000000
2511.000000
1465.000000
1465.000000
1465.000000
587.000000
587.000000
587.000000
500.000000
500.000000
500.000000
1697.000000
1697.000000
1697.000000
2658.000000
2658.000000
2658.000000
3001.000000
3001.000000
3001.000000
1888.000000
1888.000000
1888.000000
1075.000000
1075.000000
1075.000000
437.000000
437.000000
437.000000
909.000000
909.000000
909.000000
1941.000000
1941.000000
1941.000000
2834.000000
2834.000000
2834.000000
2627.000000
2627.000000
2627.000000
1506.000000
1506.000000
1506.000000
622.000000
622.000000
622.000000
440.000000
440.000000
440.000000
1562.000000
1562.000000
1562.000000
2346.000000
2346.000000
2346.000000
2963.000000
2963.000000
2963.000000
2504.000000
2504.000000
2504.000000
1532.000000
1532.000000
1532.000000
642.000000
642.000000
642.000000
392.000000
392.000000
392.000000
1448.000000
1448.000000
1448.000000
2308.000000
2308.000000
2308.000000
2922.000000
2922.000000
2922.000000
2447.000000
2447.000000
2447.000000
1457.000000
1457.000000
1457.000000
613.000000
613.000000
613.000000
502.000000
502.000000
502.000000
1476.000000
1476.000000
1476.000000
2322.000000
2322.000000
2322.000000
2829.000000
2829.000000
2829.000000
2551.000000
2551.000000
2551.000000
1431.000000
1431.000000
1431.000000
726.000000
726.000000
726.000000
476.000000
476.000000
476.000000
1348.000000
1348.000000
1348.000000
