1286.000000
1286.000000
575.000000
575.000000
575.000000
744.000000
744.000000
744.000000
2033.000000
2033.000000
2033.000000
2831.000000
2831.000000
2831.000000
2771.000000
2771.000000
2771.000000
1390.000000
1390.000000
1390.000000
785.000000
785.000000
785.000000
532.000000
532.000000
532.000000
1501.000000
1501.000000
1501.000000
2463.000000
2463.000000
2463.000000
2842.000000
2842.000000
2842.000000
2133.000000
2133.000000
2133.000000
1111.000000
1111.000000
1111.000000
552.000000
552.000000
552.000000
794.000000
794.000000
794.000000
2043.000000
2043.000000
2043.000000
2677.000000
2677.000000
2677.000000
2790.000000
2790.000000
2790.000000
1723.000000
1723.000000
1723.000000
863.000000
863.000000
863.000000
573.000000
573.000000
573.000000
1038.000000
1038.000000
1038.000000
2175.000000
2175.000000
2175.000000
2920.000000
2920.000000
2920.000000
2684.000000
2684.000000
2684.000000
1296.000000
1296.000000
1296.000000
748.000000
748.000000
748.000000
516.000000
516.000000
516.000000
1153.000000
1153.000000
1153.000000
2199.000000
2199.000000
2199.000000
2984.000000
2984.000000
2984.000000
2692.000000
2692.000000
2692.000000
1291.000000
1291.000000
1291.000000
665.000000
665.000000
665.000000
482.000000
482.000000
482.000000
1241.000000
1241.000000
1241.000000
2336.000000
2336.000000
2336.000000
3035.000000
3035.000000
3035.000000
2706.000000
2706.000000
2706.000000
1162.000000
1162.000000
1162.000000
589.000000
589.000000
589.000000
502.000000
502.000000
502.000000
1453.000000
1453.000000
1453.000000
2440.000000
2440.000000
2440.000000
2984.000000
2984.000000
2984.000000
2381.000000
2381.000000
2381.000000
1014.000000
1014.000000
1014.000000
541.000000
541.000000
541.000000
608.000000
608.000000
608.000000
1641.000000
1641.000000
1641.000000
2587.000000
2587.000000
2587.000000
2951.000000
2951.000000
2951.000000
2402.000000
2402.000000
2402.000000
1016.000000
1016.000000
1016.000000
517.000000
517.000000
517.000000
616.000000
616.000000
616.000000
1718.000000
1718.000000
1718.000000
2580.000000
2580.000000
2580.000000
2897.000000
2897.000000
2897.000000
2252.000000
2252.000000
2252.000000
954.000000
954.000000
954.000000
474.000000
474.000000
474.000000
676.000000
676.000000
676.000000
1946.000000
1946.000000
1946.000000
2712.000000
2712.000000
2712.000000
2893.000000
2893.000000
