401.000000
865.000000
865.000000
865.000000
2376.000000
2376.000000
2376.000000
2985.000000
2985.000000
2985.000000
2730.000000
2730.000000
2730.000000
1346.000000
1346.000000
1346.000000
507.000000
507.000000
507.000000
460.000000
460.000000
460.000000
1353.000000
1353.000000
1353.000000
2510.000000
2510.000000
2510.000000
3140.000000
3140.000000
3140.000000
2465.000000
2465.000000
2465.000000
839.000000
839.000000
839.000000
389.000000
389.000000
389.000000
665.000000
665.000000
665.000000
2042.000000
2042.000000
2042.000000
2860.000000
2860.000000
2860.000000
2834.000000
2834.000000
2834.000000
1800.000000
1800.000000
1800.000000
746.000000
746.000000
746.000000
367.000000
367.000000
367.000000
889.000000
889.000000
889.000000
2395.000000
2395.000000
2395.000000
2959.000000
2959.000000
2959.000000
2816.000000
2816.000000
2816.000000
1566.000000
1566.000000
1566.000000
579.000000
579.000000
579.000000
397.000000
397.000000
397.000000
1215.000000
1215.000000
1215.000000
2616.000000
2616.000000
2616.000000
3159.000000
3159.000000
3159.000000
2622.000000
2622.000000
2622.000000
1025.000000
1025.000000
1025.000000
318.000000
318.000000
318.000000
448.000000
448.000000
448.000000
1507.000000
1507.000000
1507.000000
2713.000000
2713.000000
2713.000000
3196.000000
3196.000000
3196.000000
2352.000000
2352.000000
2352.000000
612.000000
612.000000
612.000000
289.000000
289.000000
289.000000
664.000000
664.000000
664.000000
1974.000000
1974.000000
1974.000000
2912.000000
2912.000000
2912.000000
2870.000000
2870.000000
2870.000000
1745.000000
1745.000000
1745.000000
540.000000
540.000000
540.000000
303.000000
303.000000
303.000000
1125.000000
1125.000000
1125.000000
2741.000000
2741.000000
2741.000000
3146.000000
3146.000000
3146.000000
2615.000000
2615.000000
2615.000000
1129.000000
1129.000000
1129.000000
317.000000
317.000000
317.000000
421.000000
421.000000
421.000000
1452.000000
1452.000000
1452.000000
3016.000000
3016.000000
