101.000000
101.000000
101.000000
462.000000
462.000000
462.000000
1892.000000
1892.000000
1892.000000
3235.000000
3235.000000
3235.000000
3300.000000
3300.000000
3300.000000
2100.000000
2100.000000
2100.000000
99.000000
99.000000
99.000000
91.000000
91.000000
91.000000
846.000000
846.000000
846.000000
2619.000000
2619.000000
2619.000000
3300.000000
3300.000000
3300.000000
3003.000000
3003.000000
3003.000000
1391.000000
1391.000000
1391.000000
72.000000
72.000000
72.000000
78.000000
78.000000
78.000000
910.000000
910.000000
910.000000
2711.000000
2711.000000
2711.000000
3300.000000
3300.000000
3300.000000
3113.000000
3113.000000
3113.000000
1441.000000
1441.000000
1441.000000
70.000000
70.000000
70.000000
79.000000
79.000000
79.000000
1165.000000
1165.000000
1165.000000
3035.000000
3035.000000
3035.000000
3300.000000
3300.000000
3300.000000
2863.000000
2863.000000
2863.000000
874.000000
874.000000
874.000000
70.000000
70.000000
70.000000
74.000000
74.000000
74.000000
1321.000000
1321.000000
1321.000000
3300.000000
3300.000000
3300.000000
3300.000000
3300.000000
3300.000000
2893.000000
2893.000000
2893.000000
593.000000
593.000000
593.000000
69.000000
69.000000
69.000000
74.000000
74.000000
74.000000
1934.000000
1934.000000
1934.000000
3300.000000
3300.000000
3300.000000
3300.000000
3300.000000
3300.000000
1871.000000
1871.000000
1871.000000
70.000000
70.000000
70.000000
70.000000
70.000000
70.000000
785.000000
785.000000
785.000000
3148.000000
3148.000000
3148.000000
3300.000000
3300.000000
3300.000000
3155.000000
3155.000000
3155.000000
696.000000
696.000000
696.000000
70.000000
70.000000
70.000000
70.000000
70.000000
70.000000
1848.000000
1848.000000
1848.000000
3300.000000
3300.000000
3300.000000
3300.000000
3300.000000
3300.000000
2125.000000
2125.000000
2125.000000
69.000000
69.000000
69.000000
70.000000
70.000000
70.000000
628.000000
628.000000
628.000000
2918.000000
2918.000000
2918.000000
3300.000000
3300.000000
3300.000000
3300.000000
3300.000000
3300.000000
1270.000000
1270.000000
1270.000000
70.000000
70.000000
70.000000
68.000000
68.000000
68.000000
1114.000000
1114.000000
1114.000000
3300.000000
3300.000000
3300.000000
3300.000000
3300.000000
3300.000000
3027.000000
3027.000000
3027.000000
539.000000
539.000000
539.000000
70.000000
70.000000
70.000000
69.000000
69.000000
69.000000
1600.000000
1600.000000
1600.000000
3300.000000
3300.000000
3300.000000
3300.000000
3300.000000
3300.000000
2646.000000
2646.000000
2646.000000
256.000000
256.000000
256.000000
70.000000
70.000000
70.000000
72.000000
72.000000
72.000000
1877.000000
1877.000000
1877.000000
3300.000000
3300.000000
3300.000000
3300.000000
3300.000000
3300.000000
2274.000000
2274.000000
2274.000000
71.000000
71.000000
71.000000
71.000000
71.000000
71.000000
128.000000
128.000000
128.000000
2129.000000
