2397.000000
2397.000000
74.000000
74.000000
74.000000
70.000000
70.000000
70.000000
90.000000
90.000000
90.000000
1942.000000
1942.000000
1942.000000
3300.000000
3300.000000
3300.000000
3300.000000
3300.000000
3300.000000
2253.000000
2253.000000
2253.000000
222.000000
222.000000
222.000000
70.000000
70.000000
70.000000
126.000000
126.000000
126.000000
1635.000000
1635.000000
1635.000000
3300.000000
3300.000000
3300.000000
3300.000000
3300.000000
3300.000000
2838.000000
2838.000000
2838.000000
1016.000000
1016.000000
1016.000000
70.000000
70.000000
70.000000
77.000000
77.000000
77.000000
1217.000000
1217.000000
1217.000000
3059.000000
3059.000000
3059.000000
3300.000000
3300.000000
3300.000000
3098.000000
3098.000000
3098.000000
1376.000000
1376.000000
1376.000000
70.000000
70.000000
70.000000
74.000000
74.000000
74.000000
904.000000
904.000000
904.000000
2503.000000
2503.000000
2503.000000
3300.000000
3300.000000
3300.000000
3276.000000
3276.000000
3276.000000
1815.000000
1815.000000
1815.000000
90.000000
90.000000
90.000000
71.000000
71.000000
71.000000
423.000000
423.000000
423.000000
1955.000000
1955.000000
1955.000000
3300.000000
3300.000000
3300.000000
3300.000000
3300.000000
3300.000000
2558.000000
2558.000000
2558.000000
753.000000
753.000000
753.000000
70.000000
70.000000
70.000000
98.000000
98.000000
98.000000
1324.000000
1324.000000
1324.000000
3151.000000
3151.000000
3151.000000
3300.000000
3300.000000
3300.000000
2909.000000
2909.000000
2909.000000
1097.000000
1097.000000
1097.000000
66.000000
66.000000
66.000000
132.000000
132.000000
132.000000
1270.000000
1270.000000
1270.000000
2951.000000
2951.000000
2951.000000
3300.000000
3300.000000
3300.000000
3087.000000
3087.000000
3087.000000
1519.000000
1519.000000
1519.000000
73.000000
73.000000
73.000000
112.000000
112.000000
112.000000
992.000000
992.000000
992.000000
2440.000000
2440.000000
2440.000000
3300.000000
3300.000000
3300.000000
3085.000000
3085.000000
3085.000000
1639.000000
1639.000000
1639.000000
82.000000
82.000000
82.000000
72.000000
72.000000
72.000000
668.000000
668.000000
668.000000
2436.000000
2436.000000
2436.000000
3300.000000
3300.000000
3300.000000
3300.000000
3300.000000
3300.000000
1791.000000
1791.000000
1791.000000
72.000000
72.000000
72.000000
70.000000
70.000000
70.000000
671.000000
671.000000
671.000000
2795.000000
2795.000000
2795.000000
3300.000000
3300.000000
3300.000000
3300.000000
3300.000000
3300.000000
1183.000000
1183.000000
1183.000000
70.000000
70.000000
70.000000
68.000000
68.000000
68.000000
1366.000000
1366.000000
1366.000000
3300.000000
3300.000000
3300.000000
3300.000000
3300.000000
3300.000000
3144.000000
3144.000000
3144.000000
1050.000000
1050.000000
1050.000000
