819.000000
819.000000
3300.000000
3300.000000
3300.000000
3300.000000
3300.000000
3300.000000
3300.000000
3300.000000
3300.000000
1500.000000
1500.000000
1500.000000
74.000000
74.000000
74.000000
75.000000
75.000000
75.000000
76.000000
76.000000
76.000000
3241.000000
3241.000000
3241.000000
3300.000000
3300.000000
3300.000000
3300.000000
3300.000000
3300.000000
2544.000000
2544.000000
2544.000000
72.000000
72.000000
72.000000
75.000000
75.000000
75.000000
67.000000
67.000000
67.000000
2913.000000
2913.000000
2913.000000
3300.000000
3300.000000
3300.000000
3300.000000
3300.000000
3300.000000
2151.000000
2151.000000
2151.000000
72.000000
72.000000
72.000000
77.000000
77.000000
77.000000
72.000000
72.000000
72.000000
2791.000000
2791.000000
2791.000000
3300.000000
3300.000000
3300.000000
3300.000000
3300.000000
3300.000000
2368.000000
2368.000000
2368.000000
70.000000
70.000000
70.000000
74.000000
74.000000
74.000000
78.000000
78.000000
78.000000
3241.000000
3241.000000
3241.000000
3300.000000
3300.000000
3300.000000
3300.000000
3300.000000
3300.000000
1805.000000
1805.000000
1805.000000
74.000000
74.000000
74.000000
74.000000
74.000000
74.000000
99.000000
99.000000
99.000000
2892.000000
2892.000000
2892.000000
3300.000000
3300.000000
3300.000000
3300.000000
3300.000000
3300.000000
2710.000000
2710.000000
2710.000000
70.000000
70.000000
70.000000
74.000000
74.000000
74.000000
70.000000
70.000000
70.000000
1544.000000
1544.000000
1544.000000
3300.000000
3300.000000
3300.000000
3300.000000
3300.000000
3300.000000
3300.000000
3300.000000
3300.000000
1037.000000
1037.000000
1037.000000
74.000000
74.000000
74.000000
74.000000
74.000000
74.000000
252.000000
252.000000
252.000000
3300.000000
3300.000000
3300.000000
3300.000000
3300.000000
3300.000000
3300.000000
3300.000000
3300.000000
1423.000000
1423.000000
1423.000000
74.000000
74.000000
74.000000
75.000000
75.000000
75.000000
175.000000
175.000000
175.000000
3300.000000
3300.000000
3300.000000
3300.000000
3300.000000
3300.000000
3300.000000
3300.000000
3300.000000
1690.000000
1690.000000
1690.000000
74.000000
74.000000
74.000000
74.000000
74.000000
74.000000
83.000000
83.000000
83.000000
3300.000000
3300.000000
3300.000000
3300.000000
3300.000000
3300.000000
3300.000000
3300.000000
3300.000000
1610.000000
1610.000000
1610.000000
74.000000
74.000000
74.000000
75.000000
75.000000
75.000000
185.000000
185.000000
185.000000
3300.000000
3300.000000
3300.000000
3300.000000
3300.000000
3300.000000
3300.000000
3300.000000
3300.000000
1491.000000
1491.000000
1491.000000
74.000000
74.000000
74.000000
74.000000
74.000000
74.000000
116.000000
116.000000
116.000000
2954.000000
