78.000000
236.000000
236.000000
236.000000
3300.000000
3300.000000
3300.000000
3300.000000
3300.000000
3300.000000
3300.000000
3300.000000
3300.000000
80.000000
80.000000
80.000000
81.000000
81.000000
81.000000
78.000000
78.000000
78.000000
2187.000000
2187.000000
2187.000000
3300.000000
3300.000000
3300.000000
3300.000000
3300.000000
3300.000000
3300.000000
3300.000000
3300.000000
84.000000
84.000000
84.000000
81.000000
81.000000
81.000000
78.000000
78.000000
78.000000
3268.000000
3268.000000
3268.000000
3300.000000
3300.000000
3300.000000
3300.000000
3300.000000
3300.000000
3300.000000
3300.000000
3300.000000
83.000000
83.000000
83.000000
81.000000
81.000000
81.000000
77.000000
77.000000
77.000000
3300.000000
3300.000000
3300.000000
3300.000000
3300.000000
3300.000000
3300.000000
3300.000000
3300.000000
3300.000000
3300.000000
3300.000000
82.000000
82.000000
82.000000
80.000000
80.000000
80.000000
78.000000
78.000000
78.000000
2410.000000
2410.000000
2410.000000
3300.000000
3300.000000
3300.000000
3300.000000
3300.000000
3300.000000
3300.000000
3300.000000
3300.000000
81.000000
81.000000
81.000000
82.000000
82.000000
82.000000
79.000000
79.000000
79.000000
62.000000
62.000000
62.000000
3300.000000
3300.000000
3300.000000
3300.000000
3300.000000
3300.000000
3300.000000
3300.000000
3300.000000
83.000000
83.000000
83.000000
80.000000
80.000000
80.000000
78.000000
78.000000
78.000000
78.000000
78.000000
78.000000
3300.000000
3300.000000
3300.000000
3300.000000
3300.000000
3300.000000
3300.000000
3300.000000
3300.000000
278.000000
278.000000
278.000000
82.000000
82.000000
82.000000
80.000000
80.000000
80.000000
78.000000
78.000000
78.000000
3300.000000
3300.000000
3300.000000
3300.000000
3300.000000
3300.000000
3300.000000
3300.000000
