3300.000000
3300.000000
3300.000000
3300.000000
3300.000000
3300.000000
3300.000000
3300.000000
1610.000000
1610.000000
1610.000000
82.000000
82.000000
82.000000
79.000000
79.000000
79.000000
78.000000
78.000000
78.000000
3300.000000
3300.000000
3300.000000
3300.000000
3300.000000
3300.000000
3300.000000
3300.000000
3300.000000
3067.000000
3067.000000
3067.000000
81.000000
81.000000
81.000000
80.000000
80.000000
80.000000
78.000000
78.000000
78.000000
3300.000000
3300.000000
3300.000000
3300.000000
3300.000000
3300.000000
3300.000000
3300.000000
3300.000000
3300.000000
3300.000000
3300.000000
85.000000
85.000000
85.000000
81.000000
81.000000
81.000000
78.000000
78.000000
78.000000
3300.000000
3300.000000
3300.000000
3300.000000
3300.000000
3300.000000
3300.000000
3300.000000
3300.000000
3300.000000
3300.000000
3300.000000
83.000000
83.000000
83.000000
80.000000
80.000000
80.000000
79.000000
79.000000
79.000000
3300.000000
3300.000000
3300.000000
3300.000000
3300.000000
3300.000000
3300.000000
3300.000000
3300.000000
3300.000000
3300.000000
3300.000000
82.000000
82.000000
82.000000
80.000000
80.000000
80.000000
78.000000
78.000000
78.000000
382.000000
382.000000
382.000000
3300.000000
3300.000000
3300.000000
3300.000000
3300.000000
3300.000000
3300.000000
3300.000000
3300.000000
82.000000
82.000000
82.000000
80.000000
80.000000
80.000000
78.000000
78.000000
78.000000
3300.000000
3300.000000
3300.000000
3300.000000
3300.000000
3300.000000
3300.000000
3300.000000
3300.000000
3300.000000
3300.000000
3300.000000
87.000000
87.000000
87.000000
80.000000
80.000000
80.000000
79.000000
79.000000
79.000000
1059.000000
1059.000000
1059.000000
3300.000000
3300.000000
3300.000000
3300.000000
3300.000000
3300.000000
3300.000000
3300.000000
3300.000000
82.000000
82.000000
82.000000
80.000000
80.000000
80.000000
83.000000
83.000000
83.000000
3300.000000
3300.000000
3300.000000
3300.000000
3300.000000
3300.000000
3300.000000
3300.000000
3300.000000
3300.000000
3300.000000
3300.000000
83.000000
83.000000
83.000000
79.000000
79.000000
79.000000
78.000000
78.000000
78.000000
3300.000000
3300.000000
3300.000000
3300.000000
3300.000000
3300.000000
3300.000000
3300.000000
3300.000000
3300.000000
3300.000000
3300.000000
82.000000
82.000000
82.000000
79.000000
79.000000
79.000000
78.000000
78.000000
78.000000
3300.000000
3300.000000
3300.000000
3300.000000
3300.000000
3300.000000
3300.000000
3300.000000
3300.000000
3300.000000
3300.000000
3300.000000
82.000000
82.000000
82.000000
80.000000
80.000000
80.000000
78.000000
78.000000
78.000000
3300.000000
3300.000000
3300.000000
3300.000000
3300.000000
3300.000000
3300.000000
3300.000000
3300.000000
3300.000000
3300.000000
3300.000000
82.000000
82.000000
82.000000
80.000000
80.000000
80.000000
78.000000
78.000000
78.000000
3300.000000
3300.000000
3300.000000
3300.000000
3300.000000
3300.000000
3300.000000
3300.000000
3300.000000
3300.000000
3300.000000
3300.000000
83.000000
83.000000
83.000000
80.000000
80.000000
80.000000
78.000000
78.000000
78.000000
3300.000000
3300.000000
3300.000000
3300.000000
3300.000000
3300.000000
3300.000000
3300.000000
3300.000000
3300.000000
3300.000000
3300.000000
85.000000
85.000000
85.000000
79.000000
79.000000
79.000000
77.000000
77.000000
77.000000
3300.000000
3300.000000
3300.000000
3300.000000
3300.000000
3300.000000
3300.000000
3300.000000
3300.000000
84.000000
84.000000
84.000000
80.000000
80.000000
80.000000
79.000000
79.000000
79.000000
52.000000
52.000000
52.000000
3300.000000
3300.000000
3300.000000
