127.000000
127.000000
385.000000
385.000000
385.000000
2321.000000
2321.000000
2321.000000
3300.000000
3300.000000
3300.000000
3300.000000
3300.000000
3300.000000
1620.000000
1620.000000
1620.000000
72.000000
72.000000
72.000000
70.000000
70.000000
70.000000
482.000000
482.000000
482.000000
3125.000000
3125.000000
3125.000000
3300.000000
3300.000000
3300.000000
3300.000000
3300.000000
3300.000000
1087.000000
1087.000000
1087.000000
70.000000
70.000000
70.000000
71.000000
71.000000
71.000000
1328.000000
1328.000000
1328.000000
3300.000000
3300.000000
3300.000000
3300.000000
3300.000000
3300.000000
2582.000000
2582.000000
2582.000000
131.000000
131.000000
131.000000
70.000000
70.000000
70.000000
69.000000
69.000000
69.000000
2393.000000
2393.000000
2393.000000
3300.000000
3300.000000
3300.000000
3300.000000
3300.000000
3300.000000
1722.000000
1722.000000
1722.000000
70.000000
70.000000
70.000000
70.000000
70.000000
70.000000
301.000000
301.000000
301.000000
3018.000000
3018.000000
3018.000000
3300.000000
3300.000000
3300.000000
3300.000000
3300.000000
3300.000000
1349.000000
1349.000000
1349.000000
69.000000
69.000000
69.000000
70.000000
70.000000
70.000000
576.000000
576.000000
576.000000
3300.000000
3300.000000
3300.000000
3300.000000
3300.000000
3300.000000
3170.000000
3170.000000
3170.000000
863.000000
863.000000
863.000000
70.000000
70.000000
70.000000
72.000000
72.000000
72.000000
1544.000000
1544.000000
1544.000000
3300.000000
3300.000000
3300.000000
3300.000000
3300.000000
3300.000000
2722.000000
2722.000000
2722.000000
833.000000
833.000000
833.000000
70.000000
70.000000
70.000000
69.000000
69.000000
69.000000
1469.000000
1469.000000
1469.000000
3300.000000
3300.000000
3300.000000
3300.000000
3300.000000
3300.000000
2948.000000
2948.000000
2948.000000
752.000000
752.000000
752.000000
71.000000
71.000000
71.000000
68.000000
68.000000
68.000000
1623.000000
1623.000000
1623.000000
3300.000000
3300.000000
3300.000000
3300.000000
3300.000000
3300.000000
3006.000000
3006.000000
3006.000000
680.000000
680.000000
680.000000
70.000000
70.000000
70.000000
68.000000
68.000000
68.000000
1711.000000
1711.000000
1711.000000
3300.000000
3300.000000
3300.000000
3300.000000
3300.000000
3300.000000
2582.000000
2582.000000
2582.000000
449.000000
449.000000
449.000000
69.000000
69.000000
69.000000
70.000000
70.000000
70.000000
1844.000000
1844.000000
1844.000000
3300.000000
3300.000000
3300.000000
3300.000000
3300.000000
3300.000000
2852.000000
2852.000000
2852.000000
307.000000
307.000000
307.000000
71.000000
71.000000
71.000000
70.000000
70.000000
70.000000
2171.000000
2171.000000
2171.000000
3300.000000
3300.000000
3300.000000
3300.000000
3300.000000
3300.000000
2063.000000
2063.000000
2063.000000
70.000000
70.000000
70.000000
70.000000
70.000000
70.000000
304.000000
304.000000
304.000000
3023.000000
3023.000000
3023.000000
3300.000000
3300.000000
3300.000000
3300.000000
3300.000000
3300.000000
1320.000000
1320.000000
1320.000000
70.000000
70.000000
70.000000
71.000000
