3300.000000
3300.000000
3300.000000
3300.000000
3300.000000
1888.000000
1888.000000
1888.000000
66.000000
66.000000
66.000000
73.000000
73.000000
73.000000
76.000000
76.000000
76.000000
2772.000000
2772.000000
2772.000000
3300.000000
3300.000000
3300.000000
3300.000000
3300.000000
3300.000000
2101.000000
2101.000000
2101.000000
73.000000
73.000000
73.000000
74.000000
74.000000
74.000000
78.000000
78.000000
78.000000
2992.000000
2992.000000
2992.000000
3300.000000
3300.000000
3300.000000
3300.000000
3300.000000
3300.000000
1299.000000
1299.000000
1299.000000
72.000000
72.000000
72.000000
74.000000
74.000000
74.000000
756.000000
756.000000
756.000000
3300.000000
3300.000000
3300.000000
3300.000000
3300.000000
3300.000000
3300.000000
3300.000000
3300.000000
71.000000
71.000000
71.000000
74.000000
74.000000
74.000000
71.000000
71.000000
71.000000
3032.000000
3032.000000
3032.000000
3300.000000
3300.000000
3300.000000
3300.000000
3300.000000
3300.000000
1494.000000
1494.000000
1494.000000
74.000000
74.000000
74.000000
73.000000
73.000000
73.000000
375.000000
375.000000
375.000000
3300.000000
3300.000000
3300.000000
3300.000000
3300.000000
3300.000000
3300.000000
3300.000000
3300.000000
315.000000
315.000000
315.000000
73.000000
73.000000
73.000000
72.000000
72.000000
72.000000
1029.000000
1029.000000
1029.000000
3300.000000
3300.000000
3300.000000
3300.000000
3300.000000
3300.000000
3300.000000
3300.000000
3300.000000
327.000000
327.000000
327.000000
74.000000
74.000000
74.000000
72.000000
72.000000
72.000000
1086.000000
1086.000000
1086.000000
3300.000000
3300.000000
3300.000000
3300.000000
3300.000000
3300.000000
3110.000000
3110.000000
3110.000000
70.000000
70.000000
70.000000
73.000000
73.000000
73.000000
70.000000
70.000000
70.000000
2560.000000
2560.000000
2560.000000
3300.000000
3300.000000
3300.000000
3300.000000
3300.000000
3300.000000
1670.000000
1670.000000
1670.000000
70.000000
70.000000
70.000000
74.000000
74.000000
74.000000
468.000000
468.000000
468.000000
3300.000000
3300.000000
3300.000000
3300.000000
3300.000000
3300.000000
3300.000000
3300.000000
3300.000000
481.000000
481.000000
481.000000
74.000000
74.000000
74.000000
75.000000
75.000000
75.000000
1211.000000
1211.000000
1211.000000
3300.000000
3300.000000
3300.000000
3300.000000
3300.000000
3300.000000
3300.000000
3300.000000
3300.000000
72.000000
72.000000
72.000000
78.000000
78.000000
78.000000
71.000000
71.000000
71.000000
3027.000000
3027.000000
3027.000000
3300.000000
3300.000000
3300.000000
3300.000000
3300.000000
3300.000000
1751.000000
1751.000000
1751.000000
74.000000
74.000000
74.000000
74.000000
74.000000
74.000000
282.000000
282.000000
282.000000
3300.000000
3300.000000
3300.000000
3300.000000
3300.000000
3300.000000
2848.000000
2848.000000
2848.000000
72.000000
72.000000
72.000000
76.000000
76.000000
76.000000
69.000000
69.000000
69.000000
3300.000000
3300.000000
3300.000000
3300.000000
3300.000000
3300.000000
3300.000000
3300.000000
3300.000000
1028.000000
1028.000000
1028.000000
74.000000
74.000000
74.000000
71.000000
71.000000
71.000000
1206.000000
1206.000000
1206.000000
3300.000000
3300.000000
3300.000000
3300.000000
3300.000000
3300.000000
2467.000000
2467.000000
2467.000000
70.000000
70.000000
70.000000
74.000000
74.000000
74.000000
68.000000
68.000000
68.000000
2725.000000
2725.000000
2725.000000
2350.000000
2350.000000
2350.000000
1498.000000
1498.000000
1498.000000
331.000000
331.000000
331.000000
383.000000
383.000000
383.000000
1344.000000
1344.000000
1344.000000
2520.000000
2520.000000
2520.000000
3300.000000
3300.000000
3300.000000
3300.000000
3300.000000
3300.000000
751.000000
751.000000
751.000000
71.000000
71.000000
71.000000
70.000000
70.000000
70.000000
1799.000000
1799.000000
