94.000000
70.000000
70.000000
70.000000
69.000000
69.000000
69.000000
2007.000000
2007.000000
2007.000000
3300.000000
3300.000000
3300.000000
3300.000000
3300.000000
3300.000000
1828.000000
1828.000000
1828.000000
70.000000
70.000000
70.000000
72.000000
72.000000
72.000000
404.000000
404.000000
404.000000
3300.000000
3300.000000
3300.000000
3300.000000
3300.000000
3300.000000
3212.000000
3212.000000
3212.000000
309.000000
309.000000
309.000000
70.000000
70.000000
70.000000
69.000000
69.000000
69.000000
2009.000000
2009.000000
2009.000000
3300.000000
3300.000000
3300.000000
3300.000000
3300.000000
3300.000000
3137.000000
3137.000000
3137.000000
70.000000
70.000000
70.000000
73.000000
73.000000
73.000000
69.000000
69.000000
69.000000
3146.000000
3146.000000
3146.000000
3300.000000
3300.000000
3300.000000
3300.000000
3300.000000
3300.000000
866.000000
866.000000
866.000000
74.000000
74.000000
74.000000
71.000000
71.000000
71.000000
1676.000000
1676.000000
1676.000000
3300.000000
3300.000000
3300.000000
3300.000000
3300.000000
3300.000000
2538.000000
2538.000000
2538.000000
70.000000
70.000000
70.000000
74.000000
74.000000
74.000000
70.000000
70.000000
70.000000
3067.000000
3067.000000
3067.000000
3300.000000
3300.000000
3300.000000
3300.000000
3300.000000
3300.000000
1051.000000
1051.000000
1051.000000
75.000000
75.000000
75.000000
74.000000
74.000000
74.000000
689.000000
689.000000
689.000000
3300.000000
3300.000000
3300.000000
3300.000000
3300.000000
3300.000000
3300.000000
3300.000000
3300.000000
73.000000
73.000000
73.000000
77.000000
77.000000
77.000000
71.000000
71.000000
71.000000
3300.000000
3300.000000
3300.000000
3300.000000
3300.000000
3300.000000
3300.000000
3300.000000
3300.000000
1273.000000
1273.000000
1273.000000
74.000000
74.000000
74.000000
76.000000
76.000000
76.000000
534.000000
534.000000
534.000000
3300.000000
3300.000000
3300.000000
3300.000000
3300.000000
3300.000000
3300.000000
3300.000000
3300.000000
75.000000
75.000000
75.000000
80.000000
80.000000
80.000000
70.000000
70.000000
70.000000
3300.000000
3300.000000
3300.000000
3300.000000
3300.000000
3300.000000
3300.000000
3300.000000
3300.000000
75.000000
75.000000
75.000000
80.000000
80.000000
80.000000
73.000000
73.000000
73.000000
3300.000000
3300.000000
3300.000000
3300.000000
3300.000000
3300.000000
3300.000000
3300.000000
3300.000000
76.000000
76.000000
76.000000
80.000000
80.000000
80.000000
81.000000
81.000000
81.000000
3300.000000
3300.000000
3300.000000
3300.000000
3300.000000
3300.000000
3300.000000
3300.000000
