3300.000000
3300.000000
3300.000000
3300.000000
817.000000
817.000000
817.000000
81.000000
81.000000
81.000000
79.000000
79.000000
79.000000
1504.000000
1504.000000
1504.000000
3300.000000
3300.000000
3300.000000
3300.000000
3300.000000
3300.000000
116.000000
116.000000
116.000000
83.000000
83.000000
83.000000
76.000000
76.000000
76.000000
2802.000000
2802.000000
2802.000000
3300.000000
3300.000000
3300.000000
3300.000000
3300.000000
3300.000000
75.000000
75.000000
75.000000
82.000000
82.000000
82.000000
78.000000
78.000000
78.000000
2592.000000
2592.000000
2592.000000
3300.000000
3300.000000
3300.000000
3300.000000
3300.000000
3300.000000
75.000000
75.000000
75.000000
80.000000
80.000000
80.000000
78.000000
78.000000
78.000000
1851.000000
1851.000000
1851.000000
3300.000000
3300.000000
3300.000000
3300.000000
3300.000000
3300.000000
183.000000
183.000000
183.000000
81.000000
81.000000
81.000000
78.000000
78.000000
78.000000
745.000000
745.000000
745.000000
3300.000000
3300.000000
3300.000000
3300.000000
3300.000000
3300.000000
3300.000000
3300.000000
3300.000000
82.000000
82.000000
82.000000
82.000000
82.000000
82.000000
78.000000
78.000000
78.000000
3300.000000
3300.000000
3300.000000
3300.000000
3300.000000
3300.000000
3300.000000
3300.000000
3300.000000
84.000000
84.000000
84.000000
83.000000
83.000000
83.000000
78.000000
78.000000
78.000000
3300.000000
3300.000000
3300.000000
3300.000000
3300.000000
3300.000000
3300.000000
3300.000000
3300.000000
2829.000000
2829.000000
2829.000000
83.000000
83.000000
83.000000
79.000000
79.000000
79.000000
76.000000
76.000000
76.000000
3300.000000
3300.000000
3300.000000
3300.000000
3300.000000
3300.000000
3300.000000
3300.000000
3300.000000
82.000000
82.000000
82.000000
81.000000
81.000000
81.000000
79.000000
79.000000
79.000000
3300.000000
3300.000000
3300.000000
3300.000000
3300.000000
3300.000000
3300.000000
3300.000000
3300.000000
80.000000
80.000000
80.000000
80.000000
80.000000
80.000000
78.000000
78.000000
78.000000
3300.000000
3300.000000
3300.000000
3300.000000
3300.000000
3300.000000
3300.000000
3300.000000
3300.000000
1034.000000
1034.000000
1034.000000
82.000000
82.000000
82.000000
79.000000
79.000000
79.000000
67.000000
67.000000
67.000000
3300.000000
3300.000000
3300.000000
3300.000000
3300.000000
3300.000000
3300.000000
3300.000000
3300.000000
82.000000
82.000000
82.000000
80.000000
80.000000
80.000000
79.000000
79.000000
79.000000
3300.000000
3300.000000
3300.000000
3300.000000
3300.000000
3300.000000
3300.000000
3300.000000
3300.000000
82.000000
82.000000
82.000000
82.000000
82.000000
82.000000
79.000000
79.000000
79.000000
3300.000000
3300.000000
3300.000000
3300.000000
3300.000000
