81.000000
78.000000
78.000000
78.000000
3300.000000
3300.000000
3300.000000
3300.000000
3300.000000
3300.000000
3300.000000
3300.000000
3300.000000
2741.000000
2741.000000
2741.000000
82.000000
82.000000
82.000000
80.000000
80.000000
80.000000
70.000000
70.000000
70.000000
3300.000000
3300.000000
3300.000000
3300.000000
3300.000000
3300.000000
3300.000000
3300.000000
3300.000000
84.000000
84.000000
84.000000
81.000000
81.000000
81.000000
78.000000
78.000000
78.000000
2283.000000
2283.000000
2283.000000
3300.000000
3300.000000
3300.000000
3300.000000
3300.000000
3300.000000
3300.000000
3300.000000
3300.000000
81.000000
81.000000
81.000000
80.000000
80.000000
80.000000
77.000000
77.000000
77.000000
3300.000000
3300.000000
3300.000000
3300.000000
3300.000000
3300.000000
3300.000000
3300.000000
3300.000000
85.000000
85.000000
85.000000
82.000000
82.000000
82.000000
79.000000
79.000000
79.000000
3300.000000
3300.000000
3300.000000
3300.000000
3300.000000
3300.000000
3300.000000
3300.000000
3300.000000
2851.000000
2851.000000
2851.000000
81.000000
81.000000
81.000000
79.000000
79.000000
79.000000
70.000000
70.000000
70.000000
3300.000000
3300.000000
3300.000000
3300.000000
3300.000000
3300.000000
3300.000000
3300.000000
3300.000000
83.000000
83.000000
83.000000
80.000000
80.000000
80.000000
79.000000
79.000000
79.000000
1252.000000
1252.000000
1252.000000
3300.000000
3300.000000
3300.000000
3300.000000
3300.000000
3300.000000
3300.000000
3300.000000
3300.000000
85.000000
85.000000
85.000000
81.000000
81.000000
81.000000
78.000000
78.000000
78.000000
3300.000000
3300.000000
3300.000000
3300.000000
3300.000000
3300.000000
3300.000000
3300.000000
3300.000000
3300.000000
3300.000000
3300.000000
81.000000
81.000000
81.000000
81.000000
81.000000
81.000000
75.000000
75.000000
75.000000
3300.000000
3300.000000
3300.000000
3300.000000
3300.000000
3300.000000
3300.000000
3300.000000
3300.000000
3300.000000
3300.000000
3300.000000
82.000000
82.000000
82.000000
79.000000
79.000000
79.000000
78.000000
78.000000
78.000000
3300.000000
3300.000000
3300.000000
3300.000000
3300.000000
3300.000000
3300.000000
3300.000000
3300.000000
79.000000
79.000000
79.000000
80.000000
80.000000
80.000000
82.000000
82.000000
82.000000
70.000000
70.000000
70.000000
3300.000000
3300.000000
3300.000000
3300.000000
3300.000000
3300.000000
3300.000000
3300.000000
3300.000000
78.000000
78.000000
